nohup: ignoring input
DQMStore: MultiThread option is enabled
21-Aug-2014 11:47:26 CEST  Initiating request to open file root://eoscms//eos/cms/store/group/phys_tracking/samples_720pre4/DIGI/AVE_PU140_BX25/TTbar/DIGI_PU140_BX25_DIGI_L1_DIGI2RAW_HLT_PU_1_4_Kpg.root
21-Aug-2014 11:47:27 CEST  Successfully opened file root://eoscms//eos/cms/store/group/phys_tracking/samples_720pre4/DIGI/AVE_PU140_BX25/TTbar/DIGI_PU140_BX25_DIGI_L1_DIGI2RAW_HLT_PU_1_4_Kpg.root
[L1TRate_Offline:] m_ErrorMonitor: 0x7f8f1c5c3ae0
HLTConfigData::dump: ProcessName = HLT
HLTConfigData::dump: GlobalTag = START72_V1::All
HLTConfigData::dump: TableName = /dev/CMSSW_7_1_0/GRun/V60
HLTConfigData::dump: ProcessName = HLT
HLTConfigData::dump: GlobalTag = START72_V1::All
HLTConfigData::dump: TableName = /dev/CMSSW_7_1_0/GRun/V60
Begin processing the 1st record. Run 1, Event 1, LumiSection 100 at 21-Aug-2014 11:47:51.408 CEST
%MSG-w SiStripQuality:  SiStripZeroSuppression:siStripZeroSuppression  21-Aug-2014 11:47:52 CEST Run: 1 Event: 1
The cabling should always include the active feds in runInfo and possibly have some morethere are instead 59 feds only active in runInfo
%MSG
%MSG-w InvalidHelix:  SeedGeneratorFromRegionHitsEDProducer:pixelPairStepSeeds  21-Aug-2014 11:47:56 CEST Run: 1 Event: 1
PixelClusterShapeSeedComparitor helix is not valid, result is bad
%MSG
%MSG-w InvalidHelix:   SeedGeneratorFromRegionHitsEDProducer:tobTecStepSeedsTripl  21-Aug-2014 11:48:35 CEST Run: 1 Event: 1
PixelClusterShapeSeedComparitor helix is not valid, result is bad
%MSG
%MSG-w InvalidHelix:   SeedGeneratorFromRegionHitsEDProducer:tobTecStepSeedsTripl  21-Aug-2014 11:48:35 CEST Run: 1 Event: 1
PixelClusterShapeSeedComparitor helix is not valid, result is bad
%MSG
%MSG-e TrackNaN:  TrackProducer:tobTecStepTracks 21-Aug-2014 11:48:54 CEST  Run: 1 Event: 1
Track has NaN
%MSG
140821 12:07:57 1316 Xrd: XrdClientMessage::ReadRaw: Failed to read header (8 bytes).
%MSG-e TrackNaN:  TrackProducer:jetCoreRegionalStepTracks  21-Aug-2014 12:20:54 CEST Run: 1 Event: 1
Track has NaN
%MSG
%MSG-e TrackNaN:  TrackProducer:jetCoreRegionalStepTracks  21-Aug-2014 12:20:54 CEST Run: 1 Event: 1
Track has NaN
%MSG
%MSG-e TrackNaN:  TrackProducer:jetCoreRegionalStepTracks  21-Aug-2014 12:20:54 CEST Run: 1 Event: 1
Track has NaN
%MSG
%MSG-e TrackNaN:  TrackProducer:jetCoreRegionalStepTracks  21-Aug-2014 12:20:54 CEST Run: 1 Event: 1
Track has NaN
%MSG
Begin processing the 2nd record. Run 1, Event 2, LumiSection 100 at 21-Aug-2014 12:21:38.412 CEST
%MSG-w InvalidHelix:   SeedGeneratorFromRegionHitsEDProducer:tobTecStepSeedsTripl  21-Aug-2014 12:23:21 CEST Run: 1 Event: 2
PixelClusterShapeSeedComparitor helix is not valid, result is bad
%MSG
%MSG-w InvalidHelix:   SeedGeneratorFromRegionHitsEDProducer:tobTecStepSeedsTripl  21-Aug-2014 12:23:21 CEST Run: 1 Event: 2
PixelClusterShapeSeedComparitor helix is not valid, result is bad
%MSG
%MSG-w InvalidHelix:  SeedGeneratorFromRegionHitsEDProducer:tobTecStepSeedsPair  21-Aug-2014 12:23:21 CEST Run: 1 Event: 2
PixelClusterShapeSeedComparitor helix is not valid, result is bad
%MSG
%MSG-w InvalidHelix:  SeedGeneratorFromRegionHitsEDProducer:tobTecStepSeedsPair  21-Aug-2014 12:23:21 CEST Run: 1 Event: 2
PixelClusterShapeSeedComparitor helix is not valid, result is bad
%MSG
%MSG-e TrackNaN:  TrackProducer:tobTecStepTracks 21-Aug-2014 12:24:00 CEST  Run: 1 Event: 2
Track has NaN
%MSG
%MSG-e TrackNaN:  TrackProducer:jetCoreRegionalStepTracks  21-Aug-2014 13:34:32 CEST Run: 1 Event: 2
Track has NaN
%MSG
%MSG-e TrackNaN:  TrackProducer:jetCoreRegionalStepTracks  21-Aug-2014 13:34:32 CEST Run: 1 Event: 2
Track has NaN
%MSG
%MSG-e TrackNaN:  TrackProducer:jetCoreRegionalStepTracks  21-Aug-2014 13:34:32 CEST Run: 1 Event: 2
Track has NaN
%MSG
%MSG-e TrackNaN:  TrackProducer:jetCoreRegionalStepTracks  21-Aug-2014 13:34:32 CEST Run: 1 Event: 2
Track has NaN
%MSG
%MSG-e TrackNaN:  TrackProducer:jetCoreRegionalStepTracks  21-Aug-2014 13:34:32 CEST Run: 1 Event: 2
Track has NaN
%MSG
%MSG-e TrackNaN:  TrackProducer:jetCoreRegionalStepTracks  21-Aug-2014 13:34:32 CEST Run: 1 Event: 2
Track has NaN
%MSG
%MSG-e TrackNaN:  TrackProducer:jetCoreRegionalStepTracks  21-Aug-2014 13:34:32 CEST Run: 1 Event: 2
Track has NaN
%MSG
%MSG-e TrackNaN:  TrackProducer:jetCoreRegionalStepTracks  21-Aug-2014 13:34:32 CEST Run: 1 Event: 2
Track has NaN
%MSG
%MSG-e TrackNaN:  TrackProducer:jetCoreRegionalStepTracks  21-Aug-2014 13:34:32 CEST Run: 1 Event: 2
Track has NaN
%MSG
%MSG-e TrackNaN:  TrackProducer:jetCoreRegionalStepTracks  21-Aug-2014 13:34:32 CEST Run: 1 Event: 2
Track has NaN
%MSG
%MSG-e TrackNaN:  TrackProducer:jetCoreRegionalStepTracks  21-Aug-2014 13:34:32 CEST Run: 1 Event: 2
Track has NaN
%MSG
%MSG-e TrackNaN:  TrackProducer:jetCoreRegionalStepTracks  21-Aug-2014 13:34:32 CEST Run: 1 Event: 2
Track has NaN
%MSG
%MSG-e TrackNaN:  TrackProducer:jetCoreRegionalStepTracks  21-Aug-2014 13:34:32 CEST Run: 1 Event: 2
Track has NaN
%MSG
%MSG-e TrackNaN:  TrackProducer:jetCoreRegionalStepTracks  21-Aug-2014 13:34:32 CEST Run: 1 Event: 2
Track has NaN
%MSG
%MSG-e TrackNaN:  TrackProducer:jetCoreRegionalStepTracks  21-Aug-2014 13:34:32 CEST Run: 1 Event: 2
Track has NaN
%MSG
%MSG-e TrackNaN:  TrackProducer:jetCoreRegionalStepTracks  21-Aug-2014 13:34:32 CEST Run: 1 Event: 2
Track has NaN
%MSG
%MSG-e TrackNaN:  TrackProducer:jetCoreRegionalStepTracks  21-Aug-2014 13:34:32 CEST Run: 1 Event: 2
Track has NaN
%MSG
%MSG-e TrackNaN:  TrackProducer:jetCoreRegionalStepTracks  21-Aug-2014 13:34:32 CEST Run: 1 Event: 2
Track has NaN
%MSG
%MSG-e TrackNaN:  TrackProducer:jetCoreRegionalStepTracks  21-Aug-2014 13:34:32 CEST Run: 1 Event: 2
Track has NaN
%MSG
%MSG-e TrackNaN:  TrackProducer:jetCoreRegionalStepTracks  21-Aug-2014 13:34:32 CEST Run: 1 Event: 2
Track has NaN
%MSG
%MSG-e TrackNaN:  TrackProducer:jetCoreRegionalStepTracks  21-Aug-2014 13:34:32 CEST Run: 1 Event: 2
Track has NaN
%MSG
%MSG-e TrackNaN:  TrackProducer:jetCoreRegionalStepTracks  21-Aug-2014 13:34:32 CEST Run: 1 Event: 2
Track has NaN
%MSG
%MSG-e TrackNaN:  TrackProducer:jetCoreRegionalStepTracks  21-Aug-2014 13:34:32 CEST Run: 1 Event: 2
Track has NaN
%MSG
%MSG-e TrackNaN:  TrackProducer:jetCoreRegionalStepTracks  21-Aug-2014 13:34:32 CEST Run: 1 Event: 2
Track has NaN
%MSG
%MSG-e TrackNaN:  TrackProducer:jetCoreRegionalStepTracks  21-Aug-2014 13:34:32 CEST Run: 1 Event: 2
Track has NaN
%MSG
%MSG-e TrackNaN:  TrackProducer:jetCoreRegionalStepTracks  21-Aug-2014 13:34:32 CEST Run: 1 Event: 2
Track has NaN
%MSG
%MSG-e TrackNaN:  TrackProducer:jetCoreRegionalStepTracks  21-Aug-2014 13:34:32 CEST Run: 1 Event: 2
Track has NaN
%MSG
%MSG-e TrackNaN:  TrackProducer:jetCoreRegionalStepTracks  21-Aug-2014 13:34:32 CEST Run: 1 Event: 2
Track has NaN
%MSG
%MSG-e TrackNaN:  TrackProducer:jetCoreRegionalStepTracks  21-Aug-2014 13:34:32 CEST Run: 1 Event: 2
Track has NaN
%MSG
%MSG-e TrackNaN:  TrackProducer:jetCoreRegionalStepTracks  21-Aug-2014 13:34:32 CEST Run: 1 Event: 2
Track has NaN
%MSG
%MSG-e TrackNaN:  TrackProducer:jetCoreRegionalStepTracks  21-Aug-2014 13:34:32 CEST Run: 1 Event: 2
Track has NaN
%MSG
%MSG-e TrackNaN:  TrackProducer:jetCoreRegionalStepTracks  21-Aug-2014 13:34:32 CEST Run: 1 Event: 2
Track has NaN
%MSG
%MSG-e TrackNaN:  TrackProducer:jetCoreRegionalStepTracks  21-Aug-2014 13:34:32 CEST Run: 1 Event: 2
Track has NaN
%MSG
%MSG-e TrackNaN:  TrackProducer:jetCoreRegionalStepTracks  21-Aug-2014 13:34:32 CEST Run: 1 Event: 2
Track has NaN
%MSG
%MSG-e TrackNaN:  TrackProducer:jetCoreRegionalStepTracks  21-Aug-2014 13:34:32 CEST Run: 1 Event: 2
Track has NaN
%MSG
%MSG-e TrackNaN:  TrackProducer:jetCoreRegionalStepTracks  21-Aug-2014 13:34:32 CEST Run: 1 Event: 2
Track has NaN
%MSG
%MSG-e TrackNaN:  TrackProducer:jetCoreRegionalStepTracks  21-Aug-2014 13:34:32 CEST Run: 1 Event: 2
Track has NaN
%MSG
%MSG-e TrackNaN:  TrackProducer:jetCoreRegionalStepTracks  21-Aug-2014 13:34:32 CEST Run: 1 Event: 2
Track has NaN
%MSG
%MSG-e TrackNaN:  TrackProducer:jetCoreRegionalStepTracks  21-Aug-2014 13:34:32 CEST Run: 1 Event: 2
Track has NaN
%MSG
%MSG-e TrackNaN:  TrackProducer:jetCoreRegionalStepTracks  21-Aug-2014 13:34:32 CEST Run: 1 Event: 2
Track has NaN
%MSG
%MSG-e TrackNaN:  TrackProducer:jetCoreRegionalStepTracks  21-Aug-2014 13:34:33 CEST Run: 1 Event: 2
Track has NaN
%MSG
%MSG-e TrackNaN:  TrackProducer:jetCoreRegionalStepTracks  21-Aug-2014 13:34:33 CEST Run: 1 Event: 2
Track has NaN
%MSG
%MSG-e TrackNaN:  TrackProducer:jetCoreRegionalStepTracks  21-Aug-2014 13:34:33 CEST Run: 1 Event: 2
Track has NaN
%MSG
%MSG-e TrackNaN:  TrackProducer:jetCoreRegionalStepTracks  21-Aug-2014 13:34:33 CEST Run: 1 Event: 2
Track has NaN
%MSG
%MSG-e TrackNaN:  TrackProducer:jetCoreRegionalStepTracks  21-Aug-2014 13:34:33 CEST Run: 1 Event: 2
Track has NaN
%MSG
GammaSeries::a too large, ITMAX too small
%MSG-w TwoTrackMinimumDistance:   PFTauPrimaryVertexProducer:hpsPFTauPrimaryVertexProducer  21-Aug-2014 13:36:18 CEST Run: 1 Event: 2
comparing track with itself!
%MSG
%MSG-w TwoTrackMinimumDistance:   PFTauPrimaryVertexProducer:hpsPFTauPrimaryVertexProducer  21-Aug-2014 13:36:18 CEST Run: 1 Event: 2
Computation HelixHelix::CAIR failed.
%MSG
%MSG-w TwoTrackMinimumDistance:   PFTauPrimaryVertexProducer:hpsPFTauPrimaryVertexProducer  21-Aug-2014 13:36:18 CEST Run: 1 Event: 2
comparing track with itself!
%MSG
%MSG-w TwoTrackMinimumDistance:   PFTauPrimaryVertexProducer:hpsPFTauPrimaryVertexProducer  21-Aug-2014 13:36:18 CEST Run: 1 Event: 2
Computation HelixHelix::CAIR failed.
%MSG
%MSG-w TwoTrackMinimumDistance:   PFTauPrimaryVertexProducer:hpsPFTauPrimaryVertexProducer  21-Aug-2014 13:36:18 CEST Run: 1 Event: 2
comparing track with itself!
%MSG
%MSG-w TwoTrackMinimumDistance:   PFTauPrimaryVertexProducer:hpsPFTauPrimaryVertexProducer  21-Aug-2014 13:36:18 CEST Run: 1 Event: 2
Computation HelixHelix::CAIR failed.
%MSG
%MSG-w TwoTrackMinimumDistance:   PFTauPrimaryVertexProducer:hpsPFTauPrimaryVertexProducer  21-Aug-2014 13:36:18 CEST Run: 1 Event: 2
comparing track with itself!
%MSG
%MSG-w TwoTrackMinimumDistance:   PFTauPrimaryVertexProducer:hpsPFTauPrimaryVertexProducer  21-Aug-2014 13:36:18 CEST Run: 1 Event: 2
Computation HelixHelix::CAIR failed.
%MSG
%MSG-w TwoTrackMinimumDistance:   PFTauPrimaryVertexProducer:hpsPFTauPrimaryVertexProducer  21-Aug-2014 13:36:18 CEST Run: 1 Event: 2
comparing track with itself!
%MSG
%MSG-w TwoTrackMinimumDistance:   PFTauPrimaryVertexProducer:hpsPFTauPrimaryVertexProducer  21-Aug-2014 13:36:18 CEST Run: 1 Event: 2
Computation HelixHelix::CAIR failed.
%MSG
%MSG-w TwoTrackMinimumDistance:   PFTauPrimaryVertexProducer:hpsPFTauPrimaryVertexProducer  21-Aug-2014 13:36:18 CEST Run: 1 Event: 2
comparing track with itself!
%MSG
%MSG-w TwoTrackMinimumDistance:   PFTauPrimaryVertexProducer:hpsPFTauPrimaryVertexProducer  21-Aug-2014 13:36:18 CEST Run: 1 Event: 2
Computation HelixHelix::CAIR failed.
%MSG
%MSG-w TwoTrackMinimumDistance:   PFTauPrimaryVertexProducer:hpsPFTauPrimaryVertexProducer  21-Aug-2014 13:36:18 CEST Run: 1 Event: 2
comparing track with itself!
%MSG
%MSG-w TwoTrackMinimumDistance:   PFTauPrimaryVertexProducer:hpsPFTauPrimaryVertexProducer  21-Aug-2014 13:36:18 CEST Run: 1 Event: 2
Computation HelixHelix::CAIR failed.
%MSG
%MSG-w TwoTrackMinimumDistance:   PFTauPrimaryVertexProducer:hpsPFTauPrimaryVertexProducer  21-Aug-2014 13:36:18 CEST Run: 1 Event: 2
comparing track with itself!
%MSG
%MSG-w TwoTrackMinimumDistance:   PFTauPrimaryVertexProducer:hpsPFTauPrimaryVertexProducer  21-Aug-2014 13:36:18 CEST Run: 1 Event: 2
Computation HelixHelix::CAIR failed.
%MSG
%MSG-w TwoTrackMinimumDistance:   PFTauPrimaryVertexProducer:hpsPFTauPrimaryVertexProducer  21-Aug-2014 13:36:18 CEST Run: 1 Event: 2
comparing track with itself!
%MSG
%MSG-w TwoTrackMinimumDistance:   PFTauPrimaryVertexProducer:hpsPFTauPrimaryVertexProducer  21-Aug-2014 13:36:18 CEST Run: 1 Event: 2
Computation HelixHelix::CAIR failed.
%MSG
Begin processing the 3rd record. Run 1, Event 3, LumiSection 100 at 21-Aug-2014 13:36:24.033 CEST
%MSG-w InvalidHelix:  SeedGeneratorFromRegionHitsEDProducer:pixelLessStepSeeds  21-Aug-2014 13:36:59 CEST Run: 1 Event: 3
PixelClusterShapeSeedComparitor helix is not valid, result is bad
%MSG
%MSG-w BasicTrajectoryState:   CkfTrackCandidateMaker:jetCoreRegionalStepTrackCandidates  21-Aug-2014 16:25:54 CEST Run: 1 Event: 3
curv error not pos-def
[     0.906395 1.15037e-10 2.27527e-10 1.35294e-08 -0.00039757
   1.15037e-10-1.06405e-11 9.56058e-15 5.46285e-13 -1.6053e-08
   2.27527e-10 9.56058e-15 2.29863e-14 1.36562e-12-4.01296e-08
   1.35294e-08 5.46285e-13 1.36562e-12  8.1214e-11-2.38653e-06
   -0.00039757 -1.6053e-08-4.01296e-08-2.38653e-06     0.07013 ]
pos/mom/mf  (179.73,-774.087,253.517)   (-13.0797,48.8083,-13.8681)   (0.00448114,-0.0223394,-0.0302012) 
%MSG
%MSG-e TrackNaN:  TrackProducer:jetCoreRegionalStepTracks  21-Aug-2014 16:47:18 CEST Run: 1 Event: 3
Track has NaN
%MSG
%MSG-e TrackNaN:  TrackProducer:jetCoreRegionalStepTracks  21-Aug-2014 16:47:18 CEST Run: 1 Event: 3
Track has NaN
%MSG
%MSG-e TrackNaN:  TrackProducer:jetCoreRegionalStepTracks  21-Aug-2014 16:47:18 CEST Run: 1 Event: 3
Track has NaN
%MSG
%MSG-e TrackNaN:  TrackProducer:jetCoreRegionalStepTracks  21-Aug-2014 16:47:18 CEST Run: 1 Event: 3
Track has NaN
%MSG
%MSG-e TrackNaN:  TrackProducer:jetCoreRegionalStepTracks  21-Aug-2014 16:47:18 CEST Run: 1 Event: 3
Track has NaN
%MSG
%MSG-e TrackNaN:  TrackProducer:jetCoreRegionalStepTracks  21-Aug-2014 16:47:18 CEST Run: 1 Event: 3
Track has NaN
%MSG
%MSG-e TrackNaN:  TrackProducer:jetCoreRegionalStepTracks  21-Aug-2014 16:47:18 CEST Run: 1 Event: 3
Track has NaN
%MSG
%MSG-e TrackNaN:  TrackProducer:jetCoreRegionalStepTracks  21-Aug-2014 16:47:18 CEST Run: 1 Event: 3
Track has NaN
%MSG
%MSG-e TrackNaN:  TrackProducer:jetCoreRegionalStepTracks  21-Aug-2014 16:47:18 CEST Run: 1 Event: 3
Track has NaN
%MSG
%MSG-e TrackNaN:  TrackProducer:jetCoreRegionalStepTracks  21-Aug-2014 16:47:19 CEST Run: 1 Event: 3
Track has NaN
%MSG
%MSG-e TrackNaN:  TrackProducer:jetCoreRegionalStepTracks  21-Aug-2014 16:47:19 CEST Run: 1 Event: 3
Track has NaN
%MSG
%MSG-e TrackNaN:  TrackProducer:jetCoreRegionalStepTracks  21-Aug-2014 16:47:19 CEST Run: 1 Event: 3
Track has NaN
%MSG
%MSG-e TrackNaN:  TrackProducer:jetCoreRegionalStepTracks  21-Aug-2014 16:47:19 CEST Run: 1 Event: 3
Track has NaN
%MSG
%MSG-e TrackNaN:  TrackProducer:jetCoreRegionalStepTracks  21-Aug-2014 16:47:19 CEST Run: 1 Event: 3
Track has NaN
%MSG
%MSG-e TrackNaN:  TrackProducer:jetCoreRegionalStepTracks  21-Aug-2014 16:47:19 CEST Run: 1 Event: 3
Track has NaN
%MSG
%MSG-e TrackNaN:  TrackProducer:jetCoreRegionalStepTracks  21-Aug-2014 16:47:19 CEST Run: 1 Event: 3
Track has NaN
%MSG
%MSG-e TrackNaN:  TrackProducer:jetCoreRegionalStepTracks  21-Aug-2014 16:47:19 CEST Run: 1 Event: 3
Track has NaN
%MSG
%MSG-e TrackNaN:  TrackProducer:jetCoreRegionalStepTracks  21-Aug-2014 16:47:19 CEST Run: 1 Event: 3
Track has NaN
%MSG
%MSG-e TrackNaN:  TrackProducer:jetCoreRegionalStepTracks  21-Aug-2014 16:47:19 CEST Run: 1 Event: 3
Track has NaN
%MSG
%MSG-e TrackNaN:  TrackProducer:jetCoreRegionalStepTracks  21-Aug-2014 16:47:19 CEST Run: 1 Event: 3
Track has NaN
%MSG
%MSG-e TrackNaN:  TrackProducer:jetCoreRegionalStepTracks  21-Aug-2014 16:47:19 CEST Run: 1 Event: 3
Track has NaN
%MSG
%MSG-e TrackNaN:  TrackProducer:jetCoreRegionalStepTracks  21-Aug-2014 16:47:19 CEST Run: 1 Event: 3
Track has NaN
%MSG
%MSG-e TrackNaN:  TrackProducer:jetCoreRegionalStepTracks  21-Aug-2014 16:47:19 CEST Run: 1 Event: 3
Track has NaN
%MSG
%MSG-e TrackNaN:  TrackProducer:jetCoreRegionalStepTracks  21-Aug-2014 16:47:19 CEST Run: 1 Event: 3
Track has NaN
%MSG
%MSG-e TrackNaN:  TrackProducer:jetCoreRegionalStepTracks  21-Aug-2014 16:47:19 CEST Run: 1 Event: 3
Track has NaN
%MSG
%MSG-e TrackNaN:  TrackProducer:jetCoreRegionalStepTracks  21-Aug-2014 16:47:19 CEST Run: 1 Event: 3
Track has NaN
%MSG
%MSG-e TrackNaN:  TrackProducer:jetCoreRegionalStepTracks  21-Aug-2014 16:47:19 CEST Run: 1 Event: 3
Track has NaN
%MSG
%MSG-e TrackNaN:  TrackProducer:jetCoreRegionalStepTracks  21-Aug-2014 16:47:19 CEST Run: 1 Event: 3
Track has NaN
%MSG
%MSG-e TrackNaN:  TrackProducer:jetCoreRegionalStepTracks  21-Aug-2014 16:47:19 CEST Run: 1 Event: 3
Track has NaN
%MSG
%MSG-e TrackNaN:  TrackProducer:jetCoreRegionalStepTracks  21-Aug-2014 16:47:19 CEST Run: 1 Event: 3
Track has NaN
%MSG
%MSG-e TrackNaN:  TrackProducer:jetCoreRegionalStepTracks  21-Aug-2014 16:47:19 CEST Run: 1 Event: 3
Track has NaN
%MSG
%MSG-e TrackNaN:  TrackProducer:jetCoreRegionalStepTracks  21-Aug-2014 16:47:19 CEST Run: 1 Event: 3
Track has NaN
%MSG
%MSG-e TrackNaN:  TrackProducer:jetCoreRegionalStepTracks  21-Aug-2014 16:47:19 CEST Run: 1 Event: 3
Track has NaN
%MSG
%MSG-e TrackNaN:  TrackProducer:jetCoreRegionalStepTracks  21-Aug-2014 16:47:19 CEST Run: 1 Event: 3
Track has NaN
%MSG
%MSG-e TrackNaN:  TrackProducer:jetCoreRegionalStepTracks  21-Aug-2014 16:47:19 CEST Run: 1 Event: 3
Track has NaN
%MSG
%MSG-e TrackNaN:  TrackProducer:jetCoreRegionalStepTracks  21-Aug-2014 16:47:19 CEST Run: 1 Event: 3
Track has NaN
%MSG
%MSG-e TrackNaN:  TrackProducer:jetCoreRegionalStepTracks  21-Aug-2014 16:47:19 CEST Run: 1 Event: 3
Track has NaN
%MSG
%MSG-e TrackNaN:  TrackProducer:jetCoreRegionalStepTracks  21-Aug-2014 16:47:19 CEST Run: 1 Event: 3
Track has NaN
%MSG
%MSG-e TrackNaN:  TrackProducer:jetCoreRegionalStepTracks  21-Aug-2014 16:47:19 CEST Run: 1 Event: 3
Track has NaN
%MSG
%MSG-e TrackNaN:  TrackProducer:jetCoreRegionalStepTracks  21-Aug-2014 16:47:20 CEST Run: 1 Event: 3
Track has NaN
%MSG
%MSG-e TrackNaN:  TrackProducer:jetCoreRegionalStepTracks  21-Aug-2014 16:47:20 CEST Run: 1 Event: 3
Track has NaN
%MSG
%MSG-e TrackNaN:  TrackProducer:jetCoreRegionalStepTracks  21-Aug-2014 16:47:20 CEST Run: 1 Event: 3
Track has NaN
%MSG
%MSG-e TrackNaN:  TrackProducer:jetCoreRegionalStepTracks  21-Aug-2014 16:47:20 CEST Run: 1 Event: 3
Track has NaN
%MSG
%MSG-e TrackNaN:  TrackProducer:jetCoreRegionalStepTracks  21-Aug-2014 16:47:21 CEST Run: 1 Event: 3
Track has NaN
%MSG
%MSG-e TrackNaN:  TrackProducer:jetCoreRegionalStepTracks  21-Aug-2014 16:47:21 CEST Run: 1 Event: 3
Track has NaN
%MSG
%MSG-e TrackNaN:  TrackProducer:jetCoreRegionalStepTracks  21-Aug-2014 16:47:21 CEST Run: 1 Event: 3
Track has NaN
%MSG
%MSG-w BasicTrajectoryState:  TrackProducer:jetCoreRegionalStepTracks  21-Aug-2014 16:47:21 CEST Run: 1 Event: 3
local error not pos-def
[      8177.82    -828.679    -159.343    -22.4519    -1679.65
      -828.679     83.9709     16.1656     2.24916     170.463
      -159.343     16.1656     2.80917    0.841313     28.6811
      -22.4519     2.24916    0.841313   -0.489956     10.1397
      -1679.65     170.463     28.6811     10.1397     289.592 ]
pos/mom/mf  (23.8524,-3.20848,12.9236)   (1.27116,-0.0266207,1.01278)   (0.00059001,-7.93647e-05,3.81149) 
%MSG
%MSG-w BasicTrajectoryState:  TrackProducer:jetCoreRegionalStepTracks  21-Aug-2014 16:47:21 CEST Run: 1 Event: 3
local error not pos-def
[      8177.82    -828.679    -159.343    -22.4519    -1679.65
      -828.679     83.9709     16.1656     2.24916     170.463
      -159.343     16.1656     2.80917    0.841313     28.6811
      -22.4519     2.24916    0.841313   -0.489956     10.1397
      -1679.65     170.463     28.6811     10.1397     289.592 ]
pos/mom/mf  (23.8524,-3.20848,12.9236)   (1.27116,-0.0266207,1.01278)   (0.00059001,-7.93647e-05,3.81149) 
%MSG
%MSG-w BasicTrajectoryState:  TrackProducer:jetCoreRegionalStepTracks  21-Aug-2014 16:47:21 CEST Run: 1 Event: 3
local error not pos-def
[      8177.82    -828.679    -159.343    -22.4519    -1679.65
      -828.679     83.9709     16.1656     2.24916     170.463
      -159.343     16.1656     2.80917    0.841313     28.6811
      -22.4519     2.24916    0.841313   -0.489956     10.1397
      -1679.65     170.463     28.6811     10.1397     289.592 ]
pos/mom/mf  (23.8524,-3.20848,12.9236)   (1.27116,-0.0266207,1.01278)   (0.00059001,-7.93647e-05,3.81149) 
%MSG
%MSG-w BasicTrajectoryState:  TrackProducer:jetCoreRegionalStepTracks  21-Aug-2014 16:47:21 CEST Run: 1 Event: 3
local error not pos-def
[      8177.82    -828.679    -159.343    -22.4519    -1679.65
      -828.679     83.9709     16.1656     2.24916     170.463
      -159.343     16.1656     2.80917    0.841313     28.6811
      -22.4519     2.24916    0.841313   -0.489956     10.1397
      -1679.65     170.463     28.6811     10.1397     289.592 ]
pos/mom/mf  (23.8524,-3.20848,12.9236)   (1.27116,-0.0266207,1.01278)   (0.00059001,-7.93647e-05,3.81149) 
%MSG
%MSG-w BasicTrajectoryState:  TrackProducer:jetCoreRegionalStepTracks  21-Aug-2014 16:47:21 CEST Run: 1 Event: 3
local error not pos-def
[      8211.88    -832.156     -159.75    -22.8785    -1683.32
      -832.156      84.326     16.2072     2.29245     170.841
       -159.75     16.2072     2.81388    0.849006     28.6993
      -22.8785     2.29245    0.849006   -0.488086     10.2203
      -1683.32     170.841     28.6993     10.2203     289.644 ]
pos/mom/mf  (23.8524,-3.20849,12.9236)   (1.27163,-0.0266651,1.01319)   (0.00059001,-7.93649e-05,3.81149) 
%MSG
%MSG-w BasicTrajectoryState:  TrackProducer:jetCoreRegionalStepTracks  21-Aug-2014 16:47:21 CEST Run: 1 Event: 3
local error not pos-def
[      8578.94    -895.839     69.4665   -0.021183    -2075.44
      -895.839     93.5461    -7.24635  0.00219058      216.62
       69.4665    -7.24635   -0.594179 0.000193241   -0.951571
     -0.021183  0.00219058 0.000193241 0.000261345 0.000127935
      -2075.44      216.62   -0.951571 0.000127935     284.794 ]
pos/mom/mf  (23.5886,-2.27574,17.2936)   (4.16418,-0.258225,3.53985)   (0.00080779,-7.79326e-05,3.81123) 
%MSG
%MSG-w BasicTrajectoryState:  TrackProducer:jetCoreRegionalStepTracks  21-Aug-2014 16:47:21 CEST Run: 1 Event: 3
local error not pos-def
[      8578.94    -914.298    -159.545    0.570385    -2101.58
      -914.298     97.4311     17.1106   -0.210332     225.467
      -159.545     17.1106     1.82067     1.59017     23.1158
      0.570385   -0.210332     1.59017    -2.23486     22.1563
      -2101.58     225.467     23.1158     22.1563     292.416 ]
pos/mom/mf  (23.8191,-2.28996,17.4895)   (4.16434,-0.255593,3.53985)   (0.000825761,-7.93885e-05,3.81123) 
%MSG
%MSG-w BasicTrajectoryState:  TrackProducer:jetCoreRegionalStepTracks  21-Aug-2014 16:47:21 CEST Run: 1 Event: 3
local error not pos-def
[      2321.85     274.786      35.279  0.00846368    -869.641
       274.786     32.5195     4.19861  0.00100062    -103.305
        35.279     4.19861   -0.116655-6.20912e-05     -2.4799
    0.00846368  0.00100062-6.20912e-05 0.000133337-2.64029e-05
      -869.641    -103.305     -2.4799-2.64029e-05     149.204 ]
pos/mom/mf  (26.8188,-2.50063,12.9252)   (1.37811,0.0287485,1.05037)   (0.000663317,-6.18487e-05,3.81163) 
%MSG
%MSG-w BasicTrajectoryState:  TrackProducer:jetCoreRegionalStepTracks  21-Aug-2014 16:47:21 CEST Run: 1 Event: 3
curv error not pos-def
[      2321.85     35.4518    -280.745     23.8611     700.098
       35.4518    0.283104    -4.31547    -0.32237     5.25993
      -280.745    -4.31547     33.9427    -2.96186    -85.2584
       23.8611    -0.32237    -2.96186    -1.58095    -7.24572
       700.098     5.25993    -85.2584    -7.24572     96.9176 ]
pos/mom/mf  (27.0489,-2.49561,13.1006)   (1.37805,0.031378,1.05037)   (0.00067937,-6.26805e-05,3.81163) 
%MSG
%MSG-w BasicTrajectoryState:  TrackProducer:jetCoreRegionalStepTracks  21-Aug-2014 16:47:21 CEST Run: 1 Event: 3
local error not pos-def
[      2321.85     277.479    -62.3172    -23.8656    -879.665
       277.479     33.1486    -7.53567    -3.00111    -106.604
      -62.3172    -7.53567     1.03084   -0.442445     12.8721
      -23.8656    -3.00111   -0.442445    -1.58221    -9.07911
      -879.665    -106.604     12.8721    -9.07911     153.607 ]
pos/mom/mf  (27.0489,-2.49561,13.1006)   (1.37805,0.031378,1.05037)   (0.00067937,-6.26805e-05,3.81163) 
%MSG
%MSG-w BasicTrajectoryState:  TrackProducer:jetCoreRegionalStepTracks  21-Aug-2014 16:47:21 CEST Run: 1 Event: 3
local error not pos-def
[      2321.85     274.786      35.279  0.00846368    -869.641
       274.786     32.5195     4.19861  0.00100062    -103.305
        35.279     4.19861   -0.116655-6.20912e-05     -2.4799
    0.00846368  0.00100062-6.20912e-05 0.000133337-2.64029e-05
      -869.641    -103.305     -2.4799-2.64029e-05     149.204 ]
pos/mom/mf  (26.8188,-2.50063,12.9252)   (1.37811,0.0287485,1.05037)   (0.000663317,-6.18487e-05,3.81163) 
%MSG
%MSG-w BasicTrajectoryState:  TrackProducer:jetCoreRegionalStepTracks  21-Aug-2014 16:47:21 CEST Run: 1 Event: 3
curv error not pos-def
[      2321.85     35.4518    -280.745     23.8611     700.098
       35.4518    0.283104    -4.31547    -0.32237     5.25993
      -280.745    -4.31547     33.9427    -2.96186    -85.2584
       23.8611    -0.32237    -2.96186    -1.58095    -7.24572
       700.098     5.25993    -85.2584    -7.24572     96.9176 ]
pos/mom/mf  (27.0489,-2.49561,13.1006)   (1.37805,0.031378,1.05037)   (0.00067937,-6.26805e-05,3.81163) 
%MSG
%MSG-w BasicTrajectoryState:  TrackProducer:jetCoreRegionalStepTracks  21-Aug-2014 16:47:21 CEST Run: 1 Event: 3
local error not pos-def
[      2321.85     277.479    -62.3172    -23.8656    -879.665
       277.479     33.1486    -7.53567    -3.00111    -106.604
      -62.3172    -7.53567     1.03084   -0.442445     12.8721
      -23.8656    -3.00111   -0.442445    -1.58221    -9.07911
      -879.665    -106.604     12.8721    -9.07911     153.607 ]
pos/mom/mf  (27.0489,-2.49561,13.1006)   (1.37805,0.031378,1.05037)   (0.00067937,-6.26805e-05,3.81163) 
%MSG
%MSG-w BasicTrajectoryState:  TrackProducer:jetCoreRegionalStepTracks  21-Aug-2014 16:47:21 CEST Run: 1 Event: 3
local error not pos-def
[      2462.54     291.553     35.6837  0.00869149    -893.329
       291.553     34.5187     4.24826  0.00102797     -106.15
       35.6837     4.24826   -0.130558-6.38842e-05    -2.27444
    0.00869149  0.00102797-6.38842e-05 0.000133337-2.33848e-05
      -893.329     -106.15    -2.27444-2.33848e-05     148.583 ]
pos/mom/mf  (26.8188,-2.50063,12.9251)   (1.38263,0.0285767,1.0543)   (0.000663314,-6.18485e-05,3.81163) 
%MSG
%MSG-w BasicTrajectoryState:  TrackProducer:jetCoreRegionalStepTracks  21-Aug-2014 16:47:21 CEST Run: 1 Event: 3
curv error not pos-def
[      2462.54     36.4713    -297.916     22.3448     719.076
       36.4713    0.284139    -4.44112   -0.351503     5.25493
      -297.916    -4.44112     36.0395    -2.77966    -87.5992
       22.3448   -0.351503    -2.77966    -1.61275    -7.82936
       719.076     5.25493    -87.5992    -7.82936     96.4959 ]
pos/mom/mf  (27.0489,-2.49566,13.1006)   (1.38257,0.0312062,1.0543)   (0.00067937,-6.26818e-05,3.81163) 
%MSG
%MSG-w BasicTrajectoryState:  TrackProducer:jetCoreRegionalStepTracks  21-Aug-2014 16:47:21 CEST Run: 1 Event: 3
local error not pos-def
[      2462.54     294.584    -64.3828    -22.3486    -903.712
       294.584     35.2289    -7.78981    -2.82151    -109.578
      -64.3828    -7.78981     1.04659   -0.492325     12.9535
      -22.3486    -2.82151   -0.492325    -1.61405    -9.81397
      -903.712    -109.578     12.9535    -9.81397     153.029 ]
pos/mom/mf  (27.0489,-2.49566,13.1006)   (1.38257,0.0312062,1.0543)   (0.00067937,-6.26818e-05,3.81163) 
%MSG
%MSG-w BasicTrajectoryState:  TrackProducer:jetCoreRegionalStepTracks  21-Aug-2014 16:47:21 CEST Run: 1 Event: 3
local error not pos-def
[      2462.54     291.553     35.6837  0.00869149    -893.329
       291.553     34.5187     4.24826  0.00102797     -106.15
       35.6837     4.24826   -0.130558-6.38842e-05    -2.27444
    0.00869149  0.00102797-6.38842e-05 0.000133337-2.33848e-05
      -893.329     -106.15    -2.27444-2.33848e-05     148.583 ]
pos/mom/mf  (26.8188,-2.50063,12.9251)   (1.38263,0.0285767,1.0543)   (0.000663314,-6.18485e-05,3.81163) 
%MSG
%MSG-w BasicTrajectoryState:  TrackProducer:jetCoreRegionalStepTracks  21-Aug-2014 16:47:21 CEST Run: 1 Event: 3
curv error not pos-def
[      2462.54     36.4713    -297.916     22.3448     719.076
       36.4713    0.284139    -4.44112   -0.351503     5.25493
      -297.916    -4.44112     36.0395    -2.77966    -87.5992
       22.3448   -0.351503    -2.77966    -1.61275    -7.82936
       719.076     5.25493    -87.5992    -7.82936     96.4959 ]
pos/mom/mf  (27.0489,-2.49566,13.1006)   (1.38257,0.0312062,1.0543)   (0.00067937,-6.26818e-05,3.81163) 
%MSG
%MSG-w BasicTrajectoryState:  TrackProducer:jetCoreRegionalStepTracks  21-Aug-2014 16:47:21 CEST Run: 1 Event: 3
local error not pos-def
[      2462.54     294.584    -64.3828    -22.3486    -903.712
       294.584     35.2289    -7.78981    -2.82151    -109.578
      -64.3828    -7.78981     1.04659   -0.492325     12.9535
      -22.3486    -2.82151   -0.492325    -1.61405    -9.81397
      -903.712    -109.578     12.9535    -9.81397     153.029 ]
pos/mom/mf  (27.0489,-2.49566,13.1006)   (1.38257,0.0312062,1.0543)   (0.00067937,-6.26818e-05,3.81163) 
%MSG
%MSG-w BasicTrajectoryState:  TrackProducer:jetCoreRegionalStepTracks  21-Aug-2014 16:47:21 CEST Run: 1 Event: 3
local error not pos-def
[      2462.54     291.553     35.6837  0.00869149    -893.329
       291.553     34.5187     4.24826  0.00102797     -106.15
       35.6837     4.24826   -0.130558-6.38842e-05    -2.27444
    0.00869149  0.00102797-6.38842e-05 0.000133337-2.33848e-05
      -893.329     -106.15    -2.27444-2.33848e-05     148.583 ]
pos/mom/mf  (26.8188,-2.50063,12.9251)   (1.38263,0.0285767,1.0543)   (0.000663314,-6.18485e-05,3.81163) 
%MSG
%MSG-w BasicTrajectoryState:  TrackProducer:jetCoreRegionalStepTracks  21-Aug-2014 16:47:21 CEST Run: 1 Event: 3
curv error not pos-def
[      2462.54     36.4713    -297.916     22.3448     719.076
       36.4713    0.284139    -4.44112   -0.351503     5.25493
      -297.916    -4.44112     36.0395    -2.77966    -87.5992
       22.3448   -0.351503    -2.77966    -1.61275    -7.82936
       719.076     5.25493    -87.5992    -7.82936     96.4959 ]
pos/mom/mf  (27.0489,-2.49566,13.1006)   (1.38257,0.0312062,1.0543)   (0.00067937,-6.26818e-05,3.81163) 
%MSG
%MSG-w BasicTrajectoryState:  TrackProducer:jetCoreRegionalStepTracks  21-Aug-2014 16:47:21 CEST Run: 1 Event: 3
local error not pos-def
[      2462.54     294.584    -64.3828    -22.3486    -903.712
       294.584     35.2289    -7.78981    -2.82151    -109.578
      -64.3828    -7.78981     1.04659   -0.492325     12.9535
      -22.3486    -2.82151   -0.492325    -1.61405    -9.81397
      -903.712    -109.578     12.9535    -9.81397     153.029 ]
pos/mom/mf  (27.0489,-2.49566,13.1006)   (1.38257,0.0312062,1.0543)   (0.00067937,-6.26818e-05,3.81163) 
%MSG
%MSG-w BasicTrajectoryState:  TrackProducer:jetCoreRegionalStepTracks  21-Aug-2014 16:47:21 CEST Run: 1 Event: 3
local error not pos-def
[     -1518.33     167.537     91.2538 -0.00900972     -709.65
       167.537    -18.4813    -9.90035 0.000973295     76.1159
       91.2538    -9.90035   -0.089774 0.000210048    -27.2814
   -0.00900972 0.000973295 0.000210048 0.000133345 7.85914e-05
       -709.65     76.1159    -27.2814 7.85914e-05     574.864 ]
pos/mom/mf  (24.0305,1.39298,31.5351)   (1.62972,-0.0252781,1.26861)   (0.00155105,8.99095e-05,3.80991) 
%MSG
%MSG-w BasicTrajectoryState:  TrackProducer:jetCoreRegionalStepTracks  21-Aug-2014 16:47:21 CEST Run: 1 Event: 3
curv error not pos-def
[     -1518.33    -31.9163     151.115   0.0131626    -560.024
      -31.9163     1.21942     3.22547-0.000174497     20.8962
       151.115     3.22547    -15.0387 -0.00131269     56.5833
     0.0131626-0.000174497 -0.00131269 0.000122214  -0.0029377
      -560.024     20.8962     56.5833  -0.0029377     358.008 ]
pos/mom/mf  (24.0305,1.39298,31.5351)   (1.62972,-0.0252781,1.26861)   (0.00155105,8.99095e-05,3.80991) 
%MSG
%MSG-w BasicTrajectoryState:  TrackProducer:jetCoreRegionalStepTracks  21-Aug-2014 16:47:21 CEST Run: 1 Event: 3
curv error not pos-def
[     -1518.33    -31.9166     156.391     37.5216    -569.718
      -31.9166     1.21941      3.3364    0.765981     21.2676
       156.391      3.3364    -16.1072    -3.86536     59.5426
       37.5216    0.765981    -3.86536   -0.926845      13.679
      -569.718     21.2676     59.5426      13.679     370.853 ]
pos/mom/mf  (24.2706,1.38905,31.722)   (1.62968,-0.0280199,1.26861)   (0.00157601,9.01978e-05,3.8099) 
%MSG
%MSG-w BasicTrajectoryState:  TrackProducer:jetCoreRegionalStepTracks  21-Aug-2014 16:47:21 CEST Run: 1 Event: 3
local error not pos-def
[     -1518.33     182.016    -75.0791     111.979    -723.251
       182.016     -21.726     8.29387    -12.4811     77.3587
      -75.0791     8.29387      1.6023    -1.55492     34.5241
       111.979    -12.4811    -1.55492     1.20525    -40.4512
      -723.251     77.3587     34.5241    -40.4512     585.027 ]
pos/mom/mf  (24.2706,1.38905,31.722)   (1.62968,-0.0280199,1.26861)   (0.00157601,9.01978e-05,3.8099) 
%MSG
%MSG-w BasicTrajectoryState:  TrackProducer:jetCoreRegionalStepTracks  21-Aug-2014 16:47:21 CEST Run: 1 Event: 3
local error not pos-def
[     -11918.5     1341.21     69.3361   0.0401262      3033.7
       1341.21    -150.929    -7.80257 -0.00447244    -341.388
       69.3361    -7.80257    -0.40303-0.000557187    -17.6444
     0.0401262 -0.00447244-0.000557187 0.000431885  -0.0144952
        3033.7    -341.388    -17.6444  -0.0144952    -772.132 ]
pos/mom/mf  (24.2699,1.39134,31.7559)   (2.01671,-0.0151177,1.57475)   (0.00157769,9.04455e-05,3.80989) 
%MSG
%MSG-w BasicTrajectoryState:  TrackProducer:jetCoreRegionalStepTracks  21-Aug-2014 16:47:21 CEST Run: 1 Event: 3
curv error not pos-def
[     -11918.5     137.139     1243.05     290.634     2431.69
       137.139    -1.57786    -14.3031     -3.3441     -27.978
       1243.05    -14.3031    -129.646     -30.312    -253.616
       290.634     -3.3441     -30.312    -7.08704    -59.2961
       2431.69     -27.978    -253.616    -59.2961    -496.095 ]
pos/mom/mf  (24.2699,1.39134,31.7559)   (2.01671,-0.0151177,1.57475)   (0.00157769,9.04455e-05,3.80989) 
%MSG
%MSG-w BasicTrajectoryState:  TrackProducer:jetCoreRegionalStepTracks  21-Aug-2014 16:47:21 CEST Run: 1 Event: 3
curv error not pos-def
[     -11918.5     137.043     2686.63     16640.4     4104.75
       137.043    -1.57566    -30.8919    -191.338    -47.1946
       2686.63    -30.8919    -605.614    -3751.04    -925.281
       16640.4    -191.338    -3751.04    -23233.1    -5730.98
       4104.75    -47.1946    -925.281    -5730.98    -1413.59 ]
pos/mom/mf  (32.6332,1.13047,38.29)   (2.01373,-0.110595,1.57475)   (0.00256258,8.87726e-05,3.80944) 
%MSG
%MSG-w BasicTrajectoryState:  TrackProducer:jetCoreRegionalStepTracks  21-Aug-2014 16:47:21 CEST Run: 1 Event: 3
local error not pos-def
[     -11918.5    -2968.47    -463.457     17442.1    -1126.02
      -2968.47    -739.342    -115.431     4344.22    -280.452
      -463.457    -115.431    -18.0214     678.246    -43.7929
       17442.1     4344.22     678.246    -25525.7     1647.87
      -1126.02    -280.452    -43.7929     1647.87    -106.235 ]
pos/mom/mf  (32.6332,1.13047,38.29)   (2.01373,-0.110595,1.57475)   (0.00256258,8.87726e-05,3.80944) 
%MSG
%MSG-w BasicTrajectoryState:  TrackProducer:jetCoreRegionalStepTracks  21-Aug-2014 16:47:21 CEST Run: 1 Event: 3
local error not pos-def
[     -11918.5    -2968.47    -463.457     17442.1    -1126.02
      -2968.47    -739.342    -115.431     4344.22    -280.452
      -463.457    -115.431    -18.0214     678.246    -43.7929
       17442.1     4344.22     678.246    -25525.7     1647.87
      -1126.02    -280.452    -43.7929     1647.87    -106.235 ]
pos/mom/mf  (32.6332,1.13047,38.29)   (2.0101,-0.110396,1.57191)   (0.00256258,8.87726e-05,3.80944) 
%MSG
%MSG-w BasicTrajectoryState:  TrackProducer:jetCoreRegionalStepTracks  21-Aug-2014 16:47:21 CEST Run: 1 Event: 3
curv error not pos-def
[     -11918.5     137.043     2686.61     16640.4     4104.74
       137.043    -1.57565    -30.8916    -191.338    -47.1946
       2686.61    -30.8916    -605.602       -3751    -925.271
       16640.4    -191.338       -3751    -23233.1    -5730.98
       4104.74    -47.1946    -925.271    -5730.98    -1413.59 ]
pos/mom/mf  (32.6332,1.13047,38.29)   (2.0101,-0.110396,1.57191)   (0.00256258,8.87726e-05,3.80944) 
%MSG
%MSG-w BasicTrajectoryState:  TrackProducer:jetCoreRegionalStepTracks  21-Aug-2014 16:47:21 CEST Run: 1 Event: 3
curv error not pos-def
[     -11918.5     136.624     4978.77     67501.6     8260.75
       136.624    -1.56603    -57.0727    -773.785    -94.6894
       4978.77    -57.0727    -2079.81    -28197.8    -3450.81
       67501.6    -773.785    -28197.8     -382303    -46785.7
       8260.75    -94.6894    -3450.81    -46785.7    -5725.33 ]
pos/mom/mf  (45.9135,-0.103874,48.7069)   (1.996,-0.261937,1.57193)   (0.00457507,-1.03506e-05,3.80863) 
%MSG
%MSG-w BasicTrajectoryState:  TrackProducer:jetCoreRegionalStepTracks  21-Aug-2014 16:47:21 CEST Run: 1 Event: 3
local error not pos-def
[     -11918.5    -6638.82     2201.02    -76602.7     17795.3
      -6638.82    -3697.95     1226.01    -42669.2     9912.32
       2201.02     1226.01     -406.47     14146.5     -3286.3
      -76602.7    -42669.2     14146.5     -492343      114374
       17795.3     9912.32     -3286.3      114374    -26569.5 ]
pos/mom/mf  (45.9135,-0.103874,48.7069)   (1.996,-0.261937,1.57193)   (0.00457507,-1.03506e-05,3.80863) 
%MSG
%MSG-w BasicTrajectoryState:  TrackProducer:jetCoreRegionalStepTracks  21-Aug-2014 16:47:21 CEST Run: 1 Event: 3
local error not pos-def
[     -11918.5    -6638.82     2201.02    -76602.7     17795.3
      -6638.82    -3697.95     1226.01    -42669.2     9912.32
       2201.02     1226.01     -406.47     14146.5     -3286.3
      -76602.7    -42669.2     14146.5     -492343      114374
       17795.3     9912.32     -3286.3      114374    -26569.5 ]
pos/mom/mf  (45.9135,-0.103889,48.7069)   (1.99232,-0.261454,1.56903)   (0.00457507,-1.03506e-05,3.80863) 
%MSG
%MSG-w BasicTrajectoryState:  TrackProducer:jetCoreRegionalStepTracks  21-Aug-2014 16:47:21 CEST Run: 1 Event: 3
curv error not pos-def
[     -11918.5     136.624     4978.45     67501.6     8260.75
       136.624    -1.56603     -57.069    -773.785    -94.6894
       4978.45     -57.069    -2079.54      -28196    -3450.58
       67501.6    -773.785      -28196     -382302    -46785.7
       8260.75    -94.6894    -3450.58    -46785.7    -5725.32 ]
pos/mom/mf  (45.9135,-0.103889,48.7069)   (1.99232,-0.261454,1.56903)   (0.00457507,-1.03506e-05,3.80863) 
%MSG
%MSG-w BasicTrajectoryState:  TrackProducer:jetCoreRegionalStepTracks  21-Aug-2014 16:47:21 CEST Run: 1 Event: 3
curv error not pos-def
[     -11918.5     136.268     5874.37     95781.7     10656.7
       136.268    -1.55788    -67.1638    -1095.11    -121.836
       5874.37    -67.1638    -2895.36    -47208.8    -5252.47
       95781.7    -1095.11    -47208.8     -769740    -85641.6
       10656.7    -121.836    -5252.47    -85641.6    -9528.21 ]
pos/mom/mf  (51.1011,-0.863351,52.801)   (1.98365,-0.320622,1.56904)   (0.00550897,-9.30738e-05,3.80828) 
%MSG
%MSG-w BasicTrajectoryState:  TrackProducer:jetCoreRegionalStepTracks  21-Aug-2014 16:47:21 CEST Run: 1 Event: 3
local error not pos-def
[     -11918.5     6409.74    -1065.27     99144.1     -6468.1
       6409.74    -3447.15     572.899    -53319.6     3478.53
      -1065.27     572.899    -95.2125     8861.44    -578.101
       99144.1    -53319.6     8861.44     -824732       53805
       -6468.1     3478.53    -578.101       53805    -3509.69 ]
pos/mom/mf  (51.1011,-0.863351,52.801)   (1.98365,-0.320622,1.56904)   (0.00550897,-9.30738e-05,3.80828) 
%MSG
%MSG-w BasicTrajectoryState:  TrackProducer:jetCoreRegionalStepTracks  21-Aug-2014 16:47:21 CEST Run: 1 Event: 3
local error not pos-def
[     -11918.5     6409.74    -1065.27     99144.1     -6468.1
